0
0.0015625
0.003125
0.0046875
0.00625
0.0078125
0.009375
0.0109375
0.0125
0.0140625
0.015625
0.0171875
0.01875
0.0203125
0.021875
0.0234375
0.025
0.0265625
0.028125
0.0296875
0.03125
0.0328125
0.034375
0.0359375
0.0375
0.0390625
0.040625
0.0421875
0.04375
0.0453125
0.046875
0.0484375
0.05
0.0515625
0.053125
0.0546875
0.05625
0.0578125
0.059375
0.0609375
0.0625
0.0640625
0.065625
0.0671875
0.06875
0.0703125
0.071875
0.0734375
0.075
0.0765625
0.078125
0.0796875
0.08125
0.0828125
0.084375
0.0859374999999999
0.0874999999999999
0.0890624999999999
0.0906249999999999
0.0921874999999999
0.0937499999999999
0.0953124999999999
0.0968749999999999
0.0984374999999999
0.0999999999999999
0.1015625
0.103125
0.1046875
0.10625
0.1078125
0.109375
0.1109375
0.1125
0.1140625
0.115625
0.1171875
0.11875
0.1203125
0.121875
0.1234375
0.125
0.1265625
0.128125
0.1296875
0.13125
0.1328125
0.134375
0.1359375
0.1375
0.1390625
0.140625
0.1421875
0.14375
0.1453125
0.146875
0.1484375
0.15
0.1515625
0.153125
0.1546875
0.15625
0.1578125
0.159375
0.1609375
0.1625
0.1640625
0.165625
0.1671875
0.16875
0.1703125
0.171875
0.1734375
0.175
0.1765625
0.178125
0.1796875
0.18125
0.1828125
0.184375
0.1859375
0.1875
0.1890625
0.190625
0.1921875
0.19375
0.1953125
0.196875
0.1984375
0.2
0.2015625
0.203125
0.2046875
0.20625
0.2078125
0.209375
0.2109375
0.212499999999999
0.214062499999999
0.215624999999999
0.217187499999999
0.218749999999999
0.220312499999999
0.221874999999999
0.223437499999999
0.224999999999999
0.226562499999999
0.228124999999999
0.229687499999999
0.231249999999999
0.232812499999999
0.234374999999999
0.235937499999999
0.237499999999999
0.239062499999999
0.240624999999999
0.242187499999999
0.243749999999999
0.245312499999999
0.246874999999999
0.248437499999999
0.249999999999999
0.251562499999999
0.253124999999999
0.254687499999999
0.256249999999999
0.257812499999999
0.259374999999999
0.260937499999999
0.2625
0.2640625
0.265625
0.2671875
0.26875
0.2703125
0.271875
0.2734375
0.275
0.2765625
0.278125
0.2796875
0.28125
0.2828125
0.284375
0.2859375
0.2875
0.2890625
0.290625
0.2921875
0.29375
0.2953125
0.296875
0.2984375
0.3
0.3015625
0.303125
0.3046875
0.30625
0.3078125
0.309375
0.3109375
0.3125
0.3140625
0.315625
0.3171875
0.31875
0.3203125
0.321875
0.3234375
0.325
0.3265625
0.328125
0.3296875
0.33125
0.332812500000001
0.334375000000001
0.335937500000001
0.337500000000001
0.339062500000001
0.340625000000001
0.342187500000001
0.343750000000001
0.345312500000001
0.346875000000001
0.348437500000001
0.350000000000001
0.351562500000001
0.353125000000001
0.354687500000001
0.356250000000001
0.357812500000001
0.359375000000001
0.360937500000001
0.362500000000001
0.364062500000001
0.365625000000001
0.367187500000001
0.368750000000001
0.370312500000001
0.371875000000001
0.373437500000001
0.375000000000001
0.376562500000001
0.378125000000001
0.379687500000001
0.381250000000001
0.382812500000001
0.384375000000001
0.385937500000001
0.387500000000001
0.389062500000001
0.390625000000001
0.392187500000001
0.393750000000001
0.395312500000001
0.396875000000001
0.398437500000001
0.400000000000001
0.401562500000001
0.403125000000002
0.404687500000002
0.406250000000002
0.407812500000002
0.409375000000002
0.410937500000002
0.412500000000002
0.414062500000002
0.415625000000002
0.417187500000002
0.418750000000002
0.420312500000002
0.421875000000002
0.423437500000002
0.425000000000002
0.426562500000002
0.428125000000002
0.429687500000002
0.431250000000002
0.432812500000002
0.434375000000002
0.435937500000002
0.437500000000002
0.439062500000002
0.440625000000002
0.442187500000002
0.443750000000002
0.445312500000002
0.446875000000002
0.448437500000002
0.450000000000002
0.451562500000002
0.453125000000002
0.454687500000002
0.456250000000002
0.457812500000002
0.459375000000002
0.460937500000002
0.462500000000002
0.464062500000002
0.465625000000002
0.467187500000002
0.468750000000002
0.470312500000002
0.471875000000002
0.473437500000003
0.475000000000003
0.476562500000003
0.478125000000003
0.479687500000003
0.481250000000003
0.482812500000003
0.484375000000003
0.485937500000003
0.487500000000003
0.489062500000003
0.490625000000003
0.492187500000003
0.493750000000003
0.495312500000003
0.496875000000003
0.498437500000003
0.500000000000003
0.501562500000003
0.503125000000003
0.504687500000003
0.506250000000003
0.507812500000003
0.509375000000003
0.510937500000003
0.512500000000003
0.514062500000003
0.515625000000003
0.517187500000003
0.518750000000003
0.520312500000003
0.521875000000003
0.523437500000003
0.525000000000003
0.526562500000003
0.528125000000003
0.529687500000003
0.531250000000003
0.532812500000003
0.534375000000003
0.535937500000003
0.537500000000003
0.539062500000003
0.540625000000003
0.542187500000003
0.543750000000004
0.545312500000004
0.546875000000004
0.548437500000004
0.550000000000004
0.551562500000004
0.553125000000004
0.554687500000004
0.556250000000004
0.557812500000004
0.559375000000004
0.560937500000004
0.562500000000004
0.564062500000004
0.565625000000004
0.567187500000004
0.568750000000004
0.570312500000004
0.571875000000004
0.573437500000004
0.575000000000004
0.576562500000004
0.578125000000004
0.579687500000004
0.581250000000004
0.582812500000004
0.584375000000004
0.585937500000004
0.587500000000004
0.589062500000004
0.590625000000004
0.592187500000004
0.593750000000004
0.595312500000004
0.596875000000004
0.598437500000004
0.600000000000004
0.601562500000004
0.603125000000004
0.604687500000004
0.606250000000004
0.607812500000004
0.609375000000004
0.610937500000004
0.612500000000004
0.614062500000005
0.615625000000005
0.617187500000005
0.618750000000005
0.620312500000005
0.621875000000005
0.623437500000005
0.625000000000005
0.626562500000005
0.628125000000005
0.629687500000005
0.631250000000005
0.632812500000005
0.634375000000005
0.635937500000005
0.637500000000005
0.639062500000005
0.640625000000005
0.642187500000005
0.643750000000005
0.645312500000005
0.646875000000005
0.648437500000005
0.650000000000005
0.651562500000005
0.653125000000005
0.654687500000005
0.656250000000005
0.657812500000005
0.659375000000005
0.660937500000005
0.662500000000005
0.664062500000005
0.665625000000005
0.667187500000005
0.668750000000005
0.670312500000005
0.671875000000005
0.673437500000005
0.675000000000005
0.676562500000005
0.678125000000005
0.679687500000005
0.681250000000005
0.682812500000005
0.684375000000006
0.685937500000006
0.687500000000006
0.689062500000006
0.690625000000006
0.692187500000006
0.693750000000006
0.695312500000006
0.696875000000006
0.698437500000006
0.700000000000006
0.701562500000006
0.703125000000006
0.704687500000006
0.706250000000006
0.707812500000006
0.709375000000006
0.710937500000006
0.712500000000006
0.714062500000006
0.715625000000006
0.717187500000006
0.718750000000006
0.720312500000006
0.721875000000006
0.723437500000006
0.725000000000006
0.726562500000006
0.728125000000006
0.729687500000006
0.731250000000006
0.732812500000006
0.734375000000006
0.735937500000006
0.737500000000006
0.739062500000006
0.740625000000006
0.742187500000006
0.743750000000006
0.745312500000006
0.746875000000006
0.748437500000006
0.750000000000006
0.751562500000006
0.753125000000006
0.754687500000007
0.756250000000007
0.757812500000007
0.759375000000007
0.760937500000007
0.762500000000007
0.764062500000007
0.765625000000007
0.767187500000007
0.768750000000007
0.770312500000007
0.771875000000007
0.773437500000007
0.775000000000007
0.776562500000007
0.778125000000007
0.779687500000007
0.781250000000007
0.782812500000007
0.784375000000007
0.785937500000007
0.787500000000007
0.789062500000007
0.790625000000007
0.792187500000007
0.793750000000007
0.795312500000007
0.796875000000007
0.798437500000007
0.800000000000007
0.801562500000007
0.803125000000007
0.804687500000007
0.806250000000007
0.807812500000007
0.809375000000007
0.810937500000007
0.812500000000007
0.814062500000007
0.815625000000007
0.817187500000007
0.818750000000007
0.820312500000007
0.821875000000007
0.823437500000007
0.825000000000008
0.826562500000008
0.828125000000008
0.829687500000008
0.831250000000008
0.832812500000008
0.834375000000008
0.835937500000008
0.837500000000008
0.839062500000008
0.840625000000008
0.842187500000008
0.843750000000008
0.845312500000008
0.846875000000008
0.848437500000008
0.850000000000008
0.851562500000008
0.853125000000008
0.854687500000008
0.856250000000008
0.857812500000008
0.859375000000008
0.860937500000008
0.862500000000008
0.864062500000008
0.865625000000008
0.867187500000008
0.868750000000008
0.870312500000008
0.871875000000008
0.873437500000008
0.875000000000008
0.876562500000008
0.878125000000008
0.879687500000008
0.881250000000008
0.882812500000008
0.884375000000008
0.885937500000008
0.887500000000008
0.889062500000008
0.890625000000008
0.892187500000008
0.893750000000008
0.895312500000009
0.896875000000009
0.898437500000009
0.900000000000009
0.901562500000009
0.903125000000009
0.904687500000009
0.906250000000009
0.907812500000009
0.909375000000009
0.910937500000009
0.912500000000009
0.914062500000009
0.915625000000009
0.917187500000009
0.918750000000009
0.920312500000009
0.921875000000009
0.923437500000009
0.925000000000009
0.926562500000009
0.928125000000009
0.929687500000009
0.931250000000009
0.932812500000009
0.934375000000009
0.935937500000009
0.937500000000009
0.939062500000009
0.940625000000009
0.942187500000009
0.943750000000009
0.945312500000009
0.946875000000009
0.948437500000009
0.950000000000009
0.951562500000009
0.953125000000009
0.954687500000009
0.956250000000009
0.957812500000009
0.959375000000009
0.960937500000009
0.962500000000009
0.964062500000009
0.96562500000001
0.96718750000001
0.96875000000001
0.97031250000001
0.97187500000001
0.97343750000001
0.97500000000001
0.97656250000001
0.97812500000001
0.97968750000001
0.98125000000001
0.98281250000001
0.98437500000001
0.98593750000001
0.98750000000001
0.98906250000001
0.99062500000001
0.99218750000001
0.99375000000001
0.99531250000001
0.99687500000001
0.99843750000001
1.00000000000001
1.00156250000001
1.00312500000001
1.00468750000001
1.00625000000001
1.00781250000001
1.00937500000001
1.01093750000001
1.01250000000001
1.01406250000001
1.01562500000001
1.01718750000001
1.01875000000001
1.02031250000001
1.02187500000001
1.02343750000001
1.02500000000001
1.02656250000001
1.02812500000001
1.02968750000001
1.03125000000001
1.03281250000001
1.03437500000001
1.03593750000001
1.03750000000001
1.03906250000001
1.04062500000001
1.04218750000001
1.04375000000001
1.04531250000001
1.04687500000001
1.04843750000001
1.05000000000001
1.05156250000001
1.05312500000001
1.05468750000001
1.05625000000001
1.05781250000001
1.05937500000001
1.06093750000001
1.06250000000001
1.06406250000001
1.06562500000001
1.06718750000001
1.06875000000001
1.07031250000001
1.07187500000001
1.07343750000001
1.07500000000001
1.07656250000001
1.07812500000001
1.07968750000001
1.08125000000001
1.08281250000001
1.08437500000001
1.08593750000001
1.08750000000001
1.0890625
1.090625
1.0921875
1.09375
1.0953125
1.096875
1.0984375
1.1
1.1015625
1.103125
1.1046875
1.10625
1.1078125
1.109375
1.1109375
1.1125
1.1140625
1.115625
1.1171875
1.11875
1.1203125
1.121875
1.1234375
1.125
1.1265625
1.128125
1.1296875
1.13125
1.1328125
1.134375
1.1359375
1.1375
1.1390625
1.140625
1.1421875
1.14375
1.1453125
1.146875
1.1484375
1.15
1.1515625
1.153125
1.1546875
1.15625
1.1578125
1.159375
1.1609375
1.1625
1.1640625
1.165625
1.1671875
1.16875
1.1703125
1.171875
1.1734375
1.175
1.1765625
1.178125
1.1796875
1.18125
1.1828125
1.184375
1.1859375
1.1875
1.1890625
1.190625
1.1921875
1.19375
1.1953125
1.196875
1.1984375
1.2
1.2015625
1.203125
1.2046875
1.20625
1.2078125
1.209375
1.2109375
1.2125
1.2140625
1.215625
1.2171875
1.21875
1.2203125
1.221875
1.2234375
1.225
1.2265625
1.228125
1.2296875
1.23125
1.2328125
1.234375
1.2359375
1.2375
1.2390625
1.240625
1.2421875
1.24375
1.2453125
1.246875
1.2484375
1.25
1.2515625
1.253125
1.2546875
1.25625
1.2578125
1.259375
1.2609375
1.2625
1.26406249999999
1.26562499999999
1.26718749999999
1.26874999999999
1.27031249999999
1.27187499999999
1.27343749999999
1.27499999999999
1.27656249999999
1.27812499999999
1.27968749999999
1.28124999999999
1.28281249999999
1.28437499999999
1.28593749999999
1.28749999999999
1.28906249999999
1.29062499999999
1.29218749999999
1.29374999999999
1.29531249999999
1.29687499999999
1.29843749999999
1.29999999999999
1.30156249999999
1.30312499999999
1.30468749999999
1.30624999999999
1.30781249999999
1.30937499999999
1.31093749999999
1.31249999999999
1.31406249999999
1.31562499999999
1.31718749999999
1.31874999999999
1.32031249999999
1.32187499999999
1.32343749999999
1.32499999999999
1.32656249999999
1.32812499999999
1.32968749999999
1.33124999999999
1.33281249999999
1.33437499999999
1.33593749999999
1.33749999999999
1.33906249999999
1.34062499999999
1.34218749999999
1.34374999999999
1.34531249999999
1.34687499999999
1.34843749999999
1.34999999999999
1.35156249999999
1.35312499999999
1.35468749999999
1.35624999999999
1.35781249999999
1.35937499999999
1.36093749999999
1.36249999999999
1.36406249999999
1.36562499999999
1.36718749999999
1.36874999999999
1.37031249999999
1.37187499999999
1.37343749999999
1.37499999999999
1.37656249999999
1.37812499999999
1.37968749999999
1.38124999999999
1.38281249999999
1.38437499999999
1.38593749999999
1.38749999999999
1.38906249999999
1.39062499999999
1.39218749999999
1.39374999999999
1.39531249999999
1.39687499999999
1.39843749999999
1.39999999999999
1.40156249999999
1.40312499999999
1.40468749999999
1.40624999999999
1.40781249999999
1.40937499999999
1.41093749999999
1.41249999999999
1.41406249999999
1.41562499999999
1.41718749999999
1.41874999999999
1.42031249999999
1.42187499999999
1.42343749999999
1.42499999999999
1.42656249999999
1.42812499999999
1.42968749999999
1.43124999999999
1.43281249999999
1.43437499999999
1.43593749999999
1.43749999999999
1.43906249999999
1.44062499999998
1.44218749999998
1.44374999999998
1.44531249999998
1.44687499999998
1.44843749999998
1.44999999999998
1.45156249999998
1.45312499999998
1.45468749999998
1.45624999999998
1.45781249999998
1.45937499999998
1.46093749999998
1.46249999999998
1.46406249999998
1.46562499999998
1.46718749999998
1.46874999999998
1.47031249999998
1.47187499999998
1.47343749999998
1.47499999999998
1.47656249999998
1.47812499999998
1.47968749999998
1.48124999999998
1.48281249999998
1.48437499999998
1.48593749999998
1.48749999999998
1.48906249999998
1.49062499999998
1.49218749999998
1.49374999999998
1.49531249999998
1.49687499999998
1.49843749999998
1.49999999999998
1.50156249999998
1.50312499999998
1.50468749999998
1.50624999999998
1.50781249999998
1.50937499999998
1.51093749999998
1.51249999999998
1.51406249999998
1.51562499999998
1.51718749999998
1.51874999999998
1.52031249999998
1.52187499999998
1.52343749999998
1.52499999999998
1.52656249999998
1.52812499999998
1.52968749999998
1.53124999999998
1.53281249999998
1.53437499999998
1.53593749999998
1.53749999999998
1.53906249999998
1.54062499999998
1.54218749999998
1.54374999999998
1.54531249999998
1.54687499999998
1.54843749999998
1.54999999999998
1.55156249999998
1.55312499999998
1.55468749999998
1.55624999999998
1.55781249999998
1.55937499999998
1.56093749999998
1.56249999999998
1.56406249999998
1.56562499999998
1.56718749999998
1.56874999999998
1.57031249999998
1.57187499999998
1.57343749999998
1.57499999999998
1.57656249999998
1.57812499999998
1.57968749999998
1.58124999999998
1.58281249999998
1.58437499999998
1.58593749999998
1.58749999999998
1.58906249999998
1.59062499999998
1.59218749999998
1.59374999999998
1.59531249999998
1.59687499999998
1.59843749999998
1.59999999999998
1.60156249999998
1.60312499999998
1.60468749999998
1.60624999999998
1.60781249999998
1.60937499999998
1.61093749999998
1.61249999999998
1.61406249999998
1.61562499999997
1.61718749999997
1.61874999999997
1.62031249999997
1.62187499999997
1.62343749999997
1.62499999999997
1.62656249999997
1.62812499999997
1.62968749999997
1.63124999999997
1.63281249999997
1.63437499999997
1.63593749999997
1.63749999999997
1.63906249999997
1.64062499999997
1.64218749999997
1.64374999999997
1.64531249999997
1.64687499999997
1.64843749999997
1.64999999999997
1.65156249999997
1.65312499999997
1.65468749999997
1.65624999999997
1.65781249999997
1.65937499999997
1.66093749999997
1.66249999999997
1.66406249999997
1.66562499999997
1.66718749999997
1.66874999999997
1.67031249999997
1.67187499999997
1.67343749999997
1.67499999999997
1.67656249999997
1.67812499999997
1.67968749999997
1.68124999999997
1.68281249999997
1.68437499999997
1.68593749999997
1.68749999999997
1.68906249999997
1.69062499999997
1.69218749999997
1.69374999999997
1.69531249999997
1.69687499999997
1.69843749999997
1.69999999999997
1.70156249999997
1.70312499999997
1.70468749999997
1.70624999999997
1.70781249999997
1.70937499999997
1.71093749999997
1.71249999999997
1.71406249999997
1.71562499999997
1.71718749999997
1.71874999999997
1.72031249999997
1.72187499999997
1.72343749999997
1.72499999999997
1.72656249999997
1.72812499999997
1.72968749999997
1.73124999999997
1.73281249999997
1.73437499999997
1.73593749999997
1.73749999999997
1.73906249999997
1.74062499999997
1.74218749999997
1.74374999999997
1.74531249999997
1.74687499999997
1.74843749999997
1.74999999999997
1.75156249999997
1.75312499999997
1.75468749999997
1.75624999999997
1.75781249999997
1.75937499999997
1.76093749999997
1.76249999999997
1.76406249999997
1.76562499999997
1.76718749999997
1.76874999999997
1.77031249999997
1.77187499999997
1.77343749999997
1.77499999999997
1.77656249999997
1.77812499999997
1.77968749999997
1.78124999999997
1.78281249999997
1.78437499999997
1.78593749999997
1.78749999999997
1.78906249999997
1.79062499999997
1.79218749999996
1.79374999999996
1.79531249999996
1.79687499999996
1.79843749999996
1.79999999999996
1.80156249999996
1.80312499999996
1.80468749999996
1.80624999999996
1.80781249999996
1.80937499999996
1.81093749999996
1.81249999999996
1.81406249999996
1.81562499999996
1.81718749999996
1.81874999999996
1.82031249999996
1.82187499999996
1.82343749999996
1.82499999999996
1.82656249999996
1.82812499999996
1.82968749999996
1.83124999999996
1.83281249999996
1.83437499999996
1.83593749999996
1.83749999999996
1.83906249999996
1.84062499999996
1.84218749999996
1.84374999999996
1.84531249999996
1.84687499999996
1.84843749999996
1.84999999999996
1.85156249999996
1.85312499999996
1.85468749999996
1.85624999999996
1.85781249999996
1.85937499999996
1.86093749999996
1.86249999999996
1.86406249999996
1.86562499999996
1.86718749999996
1.86874999999996
1.87031249999996
1.87187499999996
1.87343749999996
1.87499999999996
1.87656249999996
1.87812499999996
1.87968749999996
1.88124999999996
1.88281249999996
1.88437499999996
1.88593749999996
1.88749999999996
1.88906249999996
1.89062499999996
1.89218749999996
1.89374999999996
1.89531249999996
1.89687499999996
1.89843749999996
1.89999999999996
1.90156249999996
1.90312499999996
1.90468749999996
1.90624999999996
1.90781249999996
1.90937499999996
1.91093749999996
1.91249999999996
1.91406249999996
1.91562499999996
1.91718749999996
1.91874999999996
1.92031249999996
1.92187499999996
1.92343749999996
1.92499999999996
1.92656249999996
1.92812499999996
1.92968749999996
1.93124999999996
1.93281249999996
1.93437499999996
1.93593749999996
1.93749999999996
1.93906249999996
1.94062499999996
1.94218749999996
1.94374999999996
1.94531249999996
1.94687499999996
1.94843749999996
1.94999999999996
1.95156249999996
1.95312499999996
1.95468749999996
1.95624999999996
1.95781249999996
1.95937499999996
1.96093749999996
1.96249999999996
1.96406249999996
1.96562499999996
1.96718749999996
1.96874999999995
1.97031249999995
1.97187499999995
1.97343749999995
1.97499999999995
1.97656249999995
1.97812499999995
1.97968749999995
1.98124999999995
1.98281249999995
1.98437499999995
1.98593749999995
1.98749999999995
1.98906249999995
1.99062499999995
1.99218749999995
1.99374999999995
1.99531249999995
1.99687499999995
1.99843749999995
1.99999999999995
2.00156249999995
2.00312499999995
2.00468749999995
2.00624999999995
2.00781249999995
2.00937499999995
2.01093749999995
2.01249999999995
2.01406249999995
2.01562499999995
2.01718749999995
2.01874999999995
2.02031249999995
2.02187499999995
2.02343749999995
2.02499999999995
2.02656249999995
2.02812499999995
2.02968749999995
2.03124999999995
2.03281249999995
2.03437499999995
2.03593749999995
2.03749999999995
2.03906249999995
2.04062499999995
2.04218749999995
2.04374999999995
2.04531249999995
2.04687499999995
2.04843749999995
2.04999999999995
2.05156249999995
2.05312499999995
2.05468749999995
2.05624999999995
2.05781249999995
2.05937499999995
2.06093749999995
2.06249999999995
2.06406249999995
2.06562499999995
2.06718749999995
2.06874999999995
2.07031249999995
2.07187499999995
2.07343749999995
2.07499999999995
2.07656249999995
2.07812499999995
2.07968749999995
2.08124999999995
2.08281249999995
2.08437499999995
2.08593749999995
2.08749999999995
2.08906249999995
2.09062499999995
2.09218749999995
2.09374999999995
2.09531249999995
2.09687499999995
2.09843749999995
2.09999999999995
2.10156249999995
2.10312499999995
2.10468749999995
2.10624999999995
2.10781249999995
2.10937499999995
2.11093749999995
2.11249999999995
2.11406249999995
2.11562499999995
2.11718749999995
2.11874999999995
2.12031249999995
2.12187499999995
2.12343749999995
2.12499999999995
2.12656249999995
2.12812499999995
2.12968749999995
2.13124999999995
2.13281249999995
2.13437499999995
2.13593749999995
2.13749999999995
2.13906249999995
2.14062499999995
2.14218749999995
2.14374999999995
2.14531249999995
2.14687499999995
2.14843749999994
2.14999999999994
2.15156249999994
2.15312499999994
2.15468749999994
2.15624999999994
2.15781249999994
2.15937499999994
2.16093749999994
2.16249999999994
2.16406249999994
2.16562499999994
2.16718749999994
2.16874999999994
2.17031249999994
2.17187499999994
2.17343749999994
2.17499999999994
2.17656249999994
2.17812499999994
2.17968749999994
2.18124999999994
2.18281249999994
2.18437499999994
2.18593749999994
2.18749999999994
2.18906249999994
2.19062499999994
2.19218749999994
2.19374999999994
2.19531249999994
2.19687499999994
2.19843749999994
2.19999999999994
2.20156249999994
2.20312499999994
2.20468749999994
2.20624999999994
2.20781249999994
2.20937499999994
2.21093749999994
2.21249999999994
2.21406249999994
2.21562499999994
2.21718749999994
2.21874999999994
2.22031249999994
2.22187499999994
2.22343749999994
2.22499999999994
2.22656249999994
2.22812499999994
2.22968749999994
2.23124999999994
2.23281249999994
2.23437499999994
2.23593749999994
2.23749999999994
2.23906249999994
2.24062499999994
2.24218749999994
2.24374999999994
2.24531249999994
2.24687499999994
2.24843749999994
2.24999999999994
2.25156249999994
2.25312499999994
2.25468749999994
2.25624999999994
2.25781249999994
2.25937499999994
2.26093749999994
2.26249999999994
2.26406249999994
2.26562499999994
2.26718749999994
2.26874999999994
2.27031249999994
2.27187499999994
2.27343749999994
2.27499999999994
2.27656249999994
2.27812499999994
2.27968749999994
2.28124999999994
2.28281249999994
2.28437499999994
2.28593749999994
2.28749999999994
2.28906249999994
2.29062499999994
2.29218749999994
2.29374999999994
2.29531249999994
2.29687499999994
2.29843749999994
2.29999999999994
2.30156249999994
2.30312499999994
2.30468749999994
2.30624999999994
2.30781249999994
2.30937499999994
2.31093749999994
2.31249999999994
2.31406249999994
2.31562499999994
2.31718749999994
2.31874999999994
2.32031249999994
2.32187499999994
2.32343749999993
2.32499999999993
2.32656249999993
2.32812499999993
2.32968749999993
2.33124999999993
2.33281249999993
2.33437499999993
2.33593749999993
2.33749999999993
2.33906249999993
2.34062499999993
2.34218749999993
2.34374999999993
2.34531249999993
2.34687499999993
2.34843749999993
2.34999999999993
2.35156249999993
2.35312499999993
2.35468749999993
2.35624999999993
2.35781249999993
2.35937499999993
2.36093749999993
2.36249999999993
2.36406249999993
2.36562499999993
2.36718749999993
2.36874999999993
2.37031249999993
2.37187499999993
2.37343749999993
2.37499999999993
2.37656249999993
2.37812499999993
2.37968749999993
2.38124999999993
2.38281249999993
2.38437499999993
2.38593749999993
2.38749999999993
2.38906249999993
2.39062499999993
2.39218749999993
2.39374999999993
2.39531249999993
2.39687499999993
2.39843749999993
2.39999999999993
2.40156249999993
2.40312499999993
2.40468749999993
2.40624999999993
2.40781249999993
2.40937499999993
2.41093749999993
2.41249999999993
2.41406249999993
2.41562499999993
2.41718749999993
2.41874999999993
2.42031249999993
2.42187499999993
2.42343749999993
2.42499999999993
2.42656249999993
2.42812499999993
2.42968749999993
2.43124999999993
2.43281249999993
2.43437499999993
2.43593749999993
2.43749999999993
2.43906249999993
2.44062499999993
2.44218749999993
2.44374999999993
2.44531249999993
2.44687499999993
2.44843749999993
2.44999999999993
2.45156249999993
2.45312499999993
2.45468749999993
2.45624999999993
2.45781249999993
2.45937499999993
2.46093749999993
2.46249999999993
2.46406249999993
2.46562499999993
2.46718749999993
2.46874999999993
2.47031249999993
2.47187499999993
2.47343749999993
2.47499999999993
2.47656249999993
2.47812499999993
2.47968749999993
2.48124999999993
2.48281249999993
2.48437499999993
2.48593749999993
2.48749999999993
2.48906249999993
2.49062499999993
2.49218749999993
2.49374999999993
2.49531249999993
2.49687499999993
2.49843749999993
2.49999999999992
2.50156249999992
